2 0
9 7 7 7 1 7 7 1 1 7 7 3 1 1 4 1 3 3 1 4 4 1 1 3 6 4 4 2 6 3 6 4 5 4 2 5 2 5 3 4 5 4 2 3 5 2 

5 
true
6 7 7 7 7 7 7 7 7 7 7 2 5 7 7 7 6 0 5 3 5 7 


false
6 7 7 7 7 7 7 7 7 7 7 7 7 7 7 7 3 2 7 7 7 7 
jouer:
1 5 0 1 5
1 5 0 1 3
1 4 1 1 2
1 4 1 1 4
1 3 2 1 1
1 3 2 2 1
5 2 3 -1 -1
1 2 3 1 0
1 4 0 1 6
1 1 4 2 4
1 3 0 1 7
1 0 5 2 6
1 1 4 2 5
5 4 0 -1 -1
1 0 5 2 0
1 3 1 3 5
1 3 1 3 0
1 2 2 2 2
1 2 1 3 1
1 3 0 4 0
3 2 0 0 -1
1 2 0 2 3
1 1 3 3 2
1 2 2 4 1
1 0 4 3 4
1 1 3 4 4
1 2 1 5 0
6 0 -1 -1 -1
1 1 1 3 3
3 1 2 1 -1
2 1 -1 4 2
1 0 2 5 1
3 0 3 4 -1
1 1 2 6 0
4 0 -1 4 -1
2 4 -1 4 3
3 1 0 5 -1
7 -1 -1 0 -1
annule:
